{
  "nbformat": 4,
  "nbformat_minor": 0,
  "metadata": {
    "colab": {
      "name": "Assignments of SVD.ipynb",
      "provenance": []
    },
    "kernelspec": {
      "name": "python3",
      "display_name": "Python 3"
    },
    "language_info": {
      "name": "python"
    }
  },
  "cells": [
    {
      "cell_type": "code",
      "metadata": {
        "colab": {
          "base_uri": "https://localhost:8080/",
          "height": 204
        },
        "id": "AbaYqL71-f6e",
        "outputId": "d9b5c54d-80b7-4c4d-8157-905d592c2afc"
      },
      "source": [
        "import xlrd\n",
        "import pandas as pd\n",
        "\n",
        "pizza = pd.read_excel(\"/content/drive/MyDrive/Colab Notebooks/수리적 빅데이터 개론/SVDpizza.xls\")\n",
        "\n",
        "pizza.head()\n",
        "\n"
      ],
      "execution_count": 1,
      "outputs": [
        {
          "output_type": "execute_result",
          "data": {
            "text/html": [
              "<div>\n",
              "<style scoped>\n",
              "    .dataframe tbody tr th:only-of-type {\n",
              "        vertical-align: middle;\n",
              "    }\n",
              "\n",
              "    .dataframe tbody tr th {\n",
              "        vertical-align: top;\n",
              "    }\n",
              "\n",
              "    .dataframe thead th {\n",
              "        text-align: right;\n",
              "    }\n",
              "</style>\n",
              "<table border=\"1\" class=\"dataframe\">\n",
              "  <thead>\n",
              "    <tr style=\"text-align: right;\">\n",
              "      <th></th>\n",
              "      <th>pizza</th>\n",
              "      <th>female</th>\n",
              "      <th>hs</th>\n",
              "      <th>college</th>\n",
              "      <th>income</th>\n",
              "      <th>age</th>\n",
              "    </tr>\n",
              "  </thead>\n",
              "  <tbody>\n",
              "    <tr>\n",
              "      <th>0</th>\n",
              "      <td>109</td>\n",
              "      <td>1</td>\n",
              "      <td>0</td>\n",
              "      <td>0</td>\n",
              "      <td>15000</td>\n",
              "      <td>25</td>\n",
              "    </tr>\n",
              "    <tr>\n",
              "      <th>1</th>\n",
              "      <td>0</td>\n",
              "      <td>1</td>\n",
              "      <td>0</td>\n",
              "      <td>0</td>\n",
              "      <td>30000</td>\n",
              "      <td>45</td>\n",
              "    </tr>\n",
              "    <tr>\n",
              "      <th>2</th>\n",
              "      <td>0</td>\n",
              "      <td>1</td>\n",
              "      <td>0</td>\n",
              "      <td>0</td>\n",
              "      <td>12000</td>\n",
              "      <td>20</td>\n",
              "    </tr>\n",
              "    <tr>\n",
              "      <th>3</th>\n",
              "      <td>108</td>\n",
              "      <td>1</td>\n",
              "      <td>0</td>\n",
              "      <td>0</td>\n",
              "      <td>20000</td>\n",
              "      <td>28</td>\n",
              "    </tr>\n",
              "    <tr>\n",
              "      <th>4</th>\n",
              "      <td>220</td>\n",
              "      <td>1</td>\n",
              "      <td>1</td>\n",
              "      <td>0</td>\n",
              "      <td>15000</td>\n",
              "      <td>25</td>\n",
              "    </tr>\n",
              "  </tbody>\n",
              "</table>\n",
              "</div>"
            ],
            "text/plain": [
              "   pizza  female  hs  college  income  age\n",
              "0    109       1   0        0   15000   25\n",
              "1      0       1   0        0   30000   45\n",
              "2      0       1   0        0   12000   20\n",
              "3    108       1   0        0   20000   28\n",
              "4    220       1   1        0   15000   25"
            ]
          },
          "metadata": {
            "tags": []
          },
          "execution_count": 1
        }
      ]
    },
    {
      "cell_type": "code",
      "metadata": {
        "id": "ywGUxHFY_hnj"
      },
      "source": [
        "from scipy import linalg as LA\n",
        "U, s, Vt = LA.svd(pizza)"
      ],
      "execution_count": 2,
      "outputs": []
    },
    {
      "cell_type": "code",
      "metadata": {
        "colab": {
          "base_uri": "https://localhost:8080/"
        },
        "id": "huhIFiy3_oAH",
        "outputId": "119a7ba2-309d-4fa0-a8f3-dc22d3b2ba62"
      },
      "source": [
        "print(U)\n",
        "print('-' * 30)\n",
        "print(U.shape)"
      ],
      "execution_count": 9,
      "outputs": [
        {
          "output_type": "stream",
          "text": [
            "[[-4.83967597e-02 -8.48579168e-02 -1.25421302e-01 -1.62062478e-01\n",
            "   9.91159421e-04 -3.31493484e-01 -6.69960520e-02 -1.86251107e-01\n",
            "  -3.14827858e-02  1.45508343e-02 -7.59061858e-02 -4.47687685e-02\n",
            "  -2.82362453e-01 -4.87076174e-02 -1.56279548e-02 -1.06311418e-01\n",
            "  -1.83128221e-01 -5.28863017e-02 -3.77297153e-02 -1.48409813e-01\n",
            "  -8.10293884e-02 -2.03817894e-01 -2.99196659e-01 -2.46983782e-01\n",
            "  -3.08890597e-01 -1.80161951e-01 -1.10254439e-01 -2.81188331e-01\n",
            "  -1.32279475e-01 -4.49196522e-01]\n",
            " [-9.67917984e-02  8.30089676e-02 -2.94250283e-01  1.68012394e-02\n",
            "   4.55291369e-02 -2.93265658e-01 -2.60298403e-01 -2.26376723e-02\n",
            "  -1.99185301e-01 -1.78573875e-01 -2.17776045e-01 -1.16655400e-01\n",
            "   1.41128059e-01 -2.01125526e-01 -2.15699635e-01 -1.55945078e-01\n",
            "   9.16595407e-03 -1.60073809e-01 -2.88599664e-01 -1.68054153e-01\n",
            "  -3.00283842e-01 -5.51181225e-02  1.30145703e-01 -1.35822002e-01\n",
            "   2.44463951e-01  5.74377184e-02 -1.01990279e-01  8.68815130e-02\n",
            "  -1.09273277e-01  3.43411670e-01]\n",
            " [-3.87167225e-02  3.30973361e-02 -1.35223170e-01 -1.41652505e-01\n",
            "  -8.31758299e-02 -2.56294775e-01  2.41188675e-01  8.38677980e-02\n",
            "   2.33543216e-01  2.34170286e-01  2.39405313e-01 -1.55382371e-01\n",
            "  -2.13731218e-01 -9.92994408e-02 -7.21604936e-02 -1.24614105e-01\n",
            "  -2.50051987e-01 -1.16221973e-01 -2.56905378e-02 -1.39770672e-01\n",
            "  -2.75159796e-02 -3.50943408e-02 -1.50159998e-01  2.50885167e-02\n",
            "   1.22556895e-01  2.66834726e-01  3.77427606e-01  2.29566241e-01\n",
            "   3.80811721e-01  7.96460204e-02]\n",
            " [-6.45287112e-02 -6.96260271e-02 -1.35638785e-01 -1.37601664e-01\n",
            "   9.39801224e-03 -3.34075515e-01 -4.97851366e-02 -7.49658419e-02\n",
            "  -1.93380429e-02  3.08607852e-03 -3.72463825e-02  2.90397445e-01\n",
            "   2.85746246e-01  2.85078956e-01  3.03359523e-01  2.71767740e-01\n",
            "   2.48065147e-01  2.90947256e-01  2.92008813e-01 -2.36923086e-01\n",
            "  -2.10220889e-01 -1.01696408e-01 -1.18285218e-01 -1.15682078e-01\n",
            "   6.51119347e-02  1.05981022e-01  1.22277894e-01  6.72424189e-02\n",
            "   1.14374565e-01  3.78460553e-02]\n",
            " [-4.83976321e-02 -2.13406483e-01 -8.11575145e-02 -1.40088604e-01\n",
            "  -2.55530603e-01 -3.27233837e-02 -1.38339735e-01 -2.58450839e-01\n",
            "  -6.03450021e-02 -7.43152615e-02  2.86949080e-03 -2.40320393e-01\n",
            "   6.19790238e-01 -1.10964901e-01 -2.79907079e-02 -3.69971048e-02\n",
            "  -2.45229986e-01 -8.98306599e-02  1.04562264e-01  7.26456333e-02\n",
            "   3.11657983e-01 -4.89804936e-02 -8.48470875e-02  1.93793483e-01\n",
            "  -2.22756008e-01 -4.84417317e-02  8.63711609e-02 -2.93304899e-02\n",
            "   1.27322813e-01  5.35711363e-02]\n",
            " [-9.67932680e-02 -1.35337968e-01 -1.31710987e-01 -4.85165358e-02\n",
            "  -2.38165295e-01 -2.49106980e-02 -8.33679166e-02 -2.41598086e-01\n",
            "  -2.48220771e-01 -3.28697343e-01 -1.92629108e-01  6.13851661e-03\n",
            "  -4.35821133e-01  8.32996195e-02  3.12018722e-02  5.62549976e-02\n",
            "  -1.04130571e-02  1.91371288e-02  1.11942699e-01 -8.02641044e-02\n",
            "  -6.32347280e-02  3.47824064e-01  2.03997697e-01  4.20918052e-01\n",
            "  -2.37067819e-02  2.62901261e-02  1.22665540e-01  9.72467454e-02\n",
            "   1.43476331e-01 -1.12142363e-01]\n",
            " [-3.87172568e-02 -4.20840936e-02 -2.83945618e-01  3.85563978e-03\n",
            "  -2.28302528e-01  3.57619483e-02  8.66514147e-01 -4.55475656e-02\n",
            "  -1.09595238e-01 -1.01849060e-01 -1.16080801e-01  1.54048863e-02\n",
            "   1.20454495e-01 -1.51061847e-02 -1.96671632e-02  2.48891114e-03\n",
            "   6.23438404e-02  5.50213391e-04 -4.58401718e-02 -4.53906667e-03\n",
            "  -5.17310618e-02 -2.18055421e-02  4.73195263e-02 -4.98657374e-02\n",
            "  -3.37579495e-03 -7.16796088e-02 -1.30152657e-01 -6.06806601e-02\n",
            "  -1.32543289e-01  3.62697155e-02]\n",
            " [-3.87187847e-02 -2.70425976e-01 -4.80283168e-02 -1.80245694e-01\n",
            "  -2.47065956e-01 -5.46780991e-02 -8.82029267e-02  8.78009343e-01\n",
            "  -9.26163411e-02 -9.89126569e-02 -8.30943756e-02 -1.80086515e-02\n",
            "   2.33750100e-02  2.85992607e-03  9.01330528e-03  5.40598862e-03\n",
            "  -2.74802636e-02 -8.33915417e-04  2.95762680e-02 -3.13841607e-02\n",
            "  -1.13026084e-04  1.50039743e-02 -6.99825889e-03  4.57865520e-02\n",
            "  -8.09612582e-02 -5.04886279e-02 -2.33200839e-02 -4.74469566e-02\n",
            "  -1.81571938e-02 -6.62857804e-02]\n",
            " [-9.03394960e-02  3.99302867e-03 -1.44645203e-01 -1.88603017e-02\n",
            "  -3.33000341e-01  6.06374678e-02 -1.26852243e-01 -6.07602399e-02\n",
            "   8.61650859e-01 -1.43790940e-01 -1.39724278e-01  3.36253776e-02\n",
            "  -7.00194531e-03  7.92665744e-03 -1.17371336e-02  1.45488599e-02\n",
            "   7.61891544e-02  1.02515880e-02 -3.28932973e-02 -2.17821598e-02\n",
            "  -8.21849885e-02  4.29845916e-02  8.71487960e-02  1.03693491e-02\n",
            "   1.27923865e-02 -5.72830965e-02 -1.06909229e-01 -3.58835110e-02\n",
            "  -1.08693751e-01  1.46715353e-02]\n",
            " [-7.09809084e-02  2.09752455e-02 -9.74200805e-02 -6.14804421e-02\n",
            "  -3.95613514e-01  9.21260164e-02 -1.32576587e-01 -7.54021548e-02\n",
            "  -1.58293939e-01  8.27692324e-01 -1.52772855e-01  2.95938181e-02\n",
            "  -2.98565187e-02  1.14187784e-02 -1.31567099e-02  1.88577938e-02\n",
            "   7.65193653e-02  8.87930631e-03 -2.57166876e-02 -2.08894596e-02\n",
            "  -8.06977927e-02  7.93152698e-02  1.15449127e-01  5.64765469e-02\n",
            "   2.06178190e-02 -4.92761419e-02 -9.28389359e-02 -1.77504391e-02\n",
            "  -9.16723399e-02  2.34609406e-02]\n",
            " [-1.41962002e-01  1.42659172e-02 -1.67555905e-01  4.58958712e-02\n",
            "  -2.86001909e-01  3.10852837e-02 -1.18373253e-01 -4.09630617e-02\n",
            "  -1.22816002e-01 -1.20568764e-01  8.66864361e-01  4.98744632e-02\n",
            "  -2.38063187e-02  1.18783336e-02 -7.96210939e-03  1.33747731e-02\n",
            "   8.77007556e-02  1.66959672e-02 -4.26076214e-02 -2.90523416e-02\n",
            "  -1.01313112e-01  1.58360147e-02  6.66348456e-02 -3.70668021e-02\n",
            "   1.34755445e-02 -6.40619097e-02 -1.24249762e-01 -5.24642281e-02\n",
            "  -1.30612700e-01 -1.29745878e-03]\n",
            " [-3.22645002e-02 -5.48715375e-02 -1.22117031e-01 -3.54575299e-01\n",
            "   1.16549266e-01  1.75969903e-01 -2.09902174e-02 -3.82039616e-02\n",
            "  -4.20894915e-03 -9.87757784e-03  1.27660343e-02  8.15669350e-01\n",
            "   3.21721684e-02 -1.55440135e-01 -1.38456040e-01 -1.34277176e-01\n",
            "  -1.75415112e-01 -1.49718174e-01 -1.07579215e-01  3.11093171e-02\n",
            "   8.03918074e-02  2.22743406e-05  8.80118703e-05  5.74957783e-02\n",
            "  -2.67321127e-02  3.16669503e-03  2.78413582e-02  1.40175740e-02\n",
            "   3.85048800e-02  4.68635685e-02]\n",
            " [-7.16262023e-01  1.62859921e-01  4.93180050e-01 -1.66382637e-02\n",
            "  -3.27737726e-02  1.94111812e-02  1.01635355e-01  1.47586288e-02\n",
            "  -1.40857413e-02 -2.90807526e-02 -3.79259731e-02  2.64556599e-02\n",
            "   2.10310502e-01  7.77678348e-04 -5.51160257e-02 -8.19263972e-02\n",
            "  -4.99577918e-02 -4.85261725e-02 -8.95755527e-02 -1.27047219e-01\n",
            "  -2.07782115e-01  1.19216868e-01  8.68927122e-03  1.25421727e-02\n",
            "   2.67681477e-02  2.91455725e-02  4.86355402e-02  8.42190763e-03\n",
            "   2.80091122e-02 -2.37400949e-01]\n",
            " [-1.03244888e-01  4.16997699e-02 -1.92983813e-01 -2.25821214e-01\n",
            "   1.52380088e-01  1.77247037e-01 -2.44729941e-02  5.80889711e-03\n",
            "   1.44495600e-03  6.11085006e-03  4.15143800e-03 -1.50675334e-01\n",
            "   1.51670122e-02  8.48543102e-01 -1.41630882e-01 -1.33795767e-01\n",
            "  -1.29857072e-01 -1.39658202e-01 -1.40234678e-01  2.75437032e-02\n",
            "   3.47098408e-02 -2.81242083e-02  3.41355080e-03 -1.40515390e-02\n",
            "   2.98406055e-03 -8.17091696e-03 -2.13881497e-02 -3.56495642e-03\n",
            "  -1.82824045e-02  5.69420251e-02]\n",
            " [-1.45187727e-01  1.14606099e-01 -1.62961537e-01 -1.88515949e-01\n",
            "   1.06335723e-01  2.02108993e-01 -2.73440960e-02  1.62962266e-02\n",
            "  -1.48355706e-02 -1.33147465e-02 -1.43312495e-02 -1.29917965e-01\n",
            "  -4.39202201e-02 -1.40646661e-01  8.58337016e-01 -1.27647123e-01\n",
            "  -1.01911439e-01 -1.32270668e-01 -1.49482499e-01  2.10151314e-02\n",
            "   2.70280514e-03 -4.01529574e-03  3.21106876e-02 -8.61169082e-03\n",
            "   2.73970536e-02 -5.48568028e-03 -3.24851380e-02  4.38085962e-03\n",
            "  -3.15473722e-02  6.03928763e-02]\n",
            " [-1.77452428e-01  2.70529783e-02 -1.25209320e-01 -1.97517201e-01\n",
            "   1.62935961e-01  1.37322710e-01 -4.59625915e-03  7.83059337e-03\n",
            "   1.12674646e-02  1.70306039e-02  9.02566928e-03 -1.32775027e-01\n",
            "  -6.59282593e-02 -1.35731953e-01 -1.29455582e-01  8.69725326e-01\n",
            "  -1.29027951e-01 -1.29499598e-01 -1.32310422e-01  8.62840770e-03\n",
            "   1.27214759e-02 -2.79168368e-02 -1.47776217e-02 -2.66170962e-02\n",
            "  -4.85634267e-03 -6.53789867e-03 -1.23140283e-02 -1.03561434e-02\n",
            "  -1.25685128e-02  1.31121896e-02]\n",
            " [-9.35672512e-02 -1.95447533e-01 -1.04043118e-02 -3.89800449e-01\n",
            "   1.74496638e-01  7.65431884e-02  1.88764760e-02 -6.13753991e-02\n",
            "   2.95509509e-02  2.58102385e-02  4.50407139e-02 -1.87080167e-01\n",
            "  -4.07772417e-02 -1.40807400e-01 -1.15606117e-01 -1.35020382e-01\n",
            "   7.79273277e-01 -1.43280340e-01 -7.19328682e-02  5.86223724e-03\n",
            "   9.25199099e-02 -1.68712796e-02 -6.55377947e-02  5.35091204e-02\n",
            "  -7.81457636e-02  6.96763182e-03  7.32803078e-02 -9.45877137e-04\n",
            "   8.29556913e-02 -3.86532261e-02]\n",
            " [-1.25829791e-01  3.63610613e-02 -1.26513267e-01 -2.44159368e-01\n",
            "   1.20639314e-01  1.73825455e-01 -1.70634910e-02 -4.47144624e-03\n",
            "  -4.88916894e-03 -5.14930449e-03  1.09545928e-04 -1.46093449e-01\n",
            "  -3.82815570e-02 -1.41662241e-01 -1.35863081e-01 -1.29624564e-01\n",
            "  -1.32601861e-01  8.64113917e-01 -1.29753005e-01  1.84842782e-02\n",
            "   2.74878460e-02 -5.87899113e-03  9.35771193e-03  1.01632045e-02\n",
            "   1.04728445e-03 -2.06623479e-03 -5.28140349e-03  4.22068717e-03\n",
            "  -1.73258568e-03  3.83098114e-02]\n",
            " [-2.25847446e-01  1.96502789e-01 -2.24757408e-01 -5.87940659e-02\n",
            "   1.52552752e-01  1.90505285e-01 -2.60447735e-02  5.93564612e-02\n",
            "  -4.24394159e-03  8.47068898e-03 -1.88361789e-02 -9.55830685e-02\n",
            "  -6.87424045e-02 -1.35032390e-01 -1.42209288e-01 -1.27433917e-01\n",
            "  -6.05020509e-02 -1.21160762e-01  8.20868241e-01  1.44041441e-02\n",
            "  -4.27515703e-02 -3.64325308e-02  2.66561830e-02 -8.44299498e-02\n",
            "   5.15376726e-02 -1.70191686e-02 -7.82884866e-02 -1.61740515e-02\n",
            "  -8.53388083e-02  6.04337039e-02]\n",
            " [-1.77452381e-01  3.22158861e-02 -3.96714305e-02 -6.51638548e-02\n",
            "  -5.83318205e-02 -3.21202245e-01 -1.35839680e-02 -9.39380252e-03\n",
            "  -1.56532922e-02 -8.51882131e-03 -2.73863920e-02  4.43254161e-02\n",
            "  -6.06602994e-02  2.90532685e-02  2.43111720e-02  1.63699392e-02\n",
            "   3.22153680e-02  2.75373043e-02  6.94760415e-03  9.07471837e-01\n",
            "  -1.11640960e-01 -1.98003040e-02 -2.24782434e-02 -5.05774969e-02\n",
            "   4.41191733e-02  3.69642439e-02  2.76805419e-02  2.43215683e-02\n",
            "   2.09688687e-02  3.50894853e-03]\n",
            " [-2.90375254e-01  2.53806661e-01 -9.85013953e-02  1.21970781e-01\n",
            "  -9.20980016e-02 -2.67178159e-01 -2.93266005e-02  5.40932306e-02\n",
            "  -3.76473605e-02 -2.42728007e-02 -6.65227417e-02  1.05775661e-01\n",
            "  -1.37254163e-01  4.36881300e-02  1.61160353e-02  2.47987030e-02\n",
            "   1.24103930e-01  4.58478957e-02 -4.59599519e-02 -9.90484536e-02\n",
            "   7.98307786e-01 -1.46508094e-02  3.12697690e-02 -1.16434601e-01\n",
            "   1.16552737e-01  2.78852310e-02 -4.67073560e-02  1.94861291e-02\n",
            "  -6.37222747e-02  3.65361020e-02]\n",
            " [-1.93595038e-02 -1.47907491e-01 -2.02792950e-01  1.06916746e-01\n",
            "   2.77626732e-01 -1.42104568e-01  2.40160524e-02  3.94259012e-02\n",
            "   9.04521662e-02  1.24667685e-01  6.85494579e-02 -1.03558004e-02\n",
            "   1.50968102e-01 -2.51622962e-02  5.23209647e-03 -2.26258547e-02\n",
            "  -3.46768452e-02 -3.85968713e-03 -1.42851858e-02  4.42110691e-03\n",
            "   3.28280220e-02  8.42117638e-01 -1.35110892e-01 -1.70360305e-01\n",
            "  -5.71574485e-02 -3.16238140e-02 -3.65249901e-02 -7.39864809e-02\n",
            "  -4.44437478e-02 -3.58954643e-02]\n",
            " [-5.80774178e-02 -2.96085687e-01  4.02662695e-03 -6.96040091e-03\n",
            "   2.51200544e-01 -2.13291764e-01  6.29493198e-02 -1.27626591e-02\n",
            "   1.00539641e-01  1.23642575e-01  8.80909816e-02 -2.20121570e-02\n",
            "   3.23150123e-02 -3.01370503e-03  3.03768227e-02 -1.71885156e-02\n",
            "  -9.10768961e-02  9.89317939e-04  4.08116029e-02 -2.38395438e-02\n",
            "   5.26988482e-02 -1.22238417e-01  8.28799413e-01 -1.01874576e-01\n",
            "  -1.08561613e-01 -1.45000140e-02  4.15193265e-02 -6.36566012e-02\n",
            "   3.73359225e-02 -1.24744446e-01]\n",
            " [-1.77452750e-01 -1.77506585e-02 -2.40465257e-01  3.06277478e-01\n",
            "   3.25288639e-01 -1.66350805e-01  3.39574847e-02  1.01373285e-01\n",
            "   1.02586928e-01  1.50841452e-01  5.75540835e-02  5.16435305e-02\n",
            "   5.65002280e-02 -6.04443977e-03  1.02367505e-02 -1.82406232e-02\n",
            "   3.14702791e-02  1.85264603e-02 -5.33540823e-02 -1.58135995e-02\n",
            "  -5.02443276e-02 -1.90980467e-01 -1.39474470e-01  7.25824723e-01\n",
            "  -1.92898530e-02 -4.50070853e-02 -9.71051629e-02 -1.01154201e-01\n",
            "  -1.18011152e-01 -5.51272349e-02]\n",
            " [-3.22672696e-02 -4.63514042e-01  4.52061816e-02 -1.57181191e-02\n",
            "   6.75710575e-03  7.69084418e-02 -9.77814362e-03 -9.53010428e-02\n",
            "   4.00933407e-03  1.23939963e-02  3.31902542e-03 -3.58493825e-02\n",
            "  -9.05073768e-03 -5.67372382e-03  1.85636841e-02 -1.73058512e-02\n",
            "  -9.39907436e-02 -9.30306279e-03  4.23719854e-02  1.92676974e-02\n",
            "   9.33913454e-02 -5.89801178e-02 -1.17544636e-01 -2.34079582e-02\n",
            "   8.09761132e-01 -1.00663948e-01 -3.79523246e-02 -1.31083033e-01\n",
            "  -3.70956446e-02 -2.02390918e-01]\n",
            " [-7.42089402e-02 -2.16376466e-01 -8.96436038e-02  1.53219823e-01\n",
            "  -3.67227539e-02  1.73837427e-01 -4.68020035e-02 -3.00572065e-02\n",
            "  -2.83900458e-02 -1.41896337e-02 -4.22377732e-02  1.01550928e-02\n",
            "  -3.63004729e-03 -6.90786380e-03 -2.69485539e-03 -1.23424696e-02\n",
            "   1.60013454e-03 -6.28362338e-04 -2.17997104e-02  3.21448328e-02\n",
            "   2.17526686e-02 -5.55319000e-02 -4.34627225e-02 -8.16305933e-02\n",
            "  -1.06373710e-01  8.87713832e-01 -1.26208065e-01 -1.29932481e-01\n",
            "  -1.32798874e-01 -1.22337313e-01]\n",
            " [-1.12924688e-01 -4.05709544e-02 -2.30305149e-01  3.08001242e-01\n",
            "  -2.66295287e-02  2.28395637e-01 -7.24549020e-02  2.92235483e-02\n",
            "  -3.97291576e-02 -1.52400382e-02 -6.78953301e-02  4.61167993e-02\n",
            "   2.35143929e-02 -1.16520433e-02 -1.87972523e-02 -1.19202884e-02\n",
            "   7.33993902e-02  5.98996130e-03 -7.59149511e-02  4.28811050e-02\n",
            "  -3.14080915e-02 -7.83687407e-02 -5.80030352e-03 -1.56712316e-01\n",
            "  -4.79079090e-02 -1.26797146e-01  7.96587001e-01 -1.41160277e-01\n",
            "  -2.17393407e-01 -6.42856177e-02]\n",
            " [-1.22605574e-01 -2.85382809e-01 -8.94381141e-02  1.85312750e-01\n",
            "   4.71133338e-02  1.02952457e-01 -2.48295105e-02 -2.37712259e-02\n",
            "   4.46531938e-03  2.79387887e-02 -1.72080597e-02  1.48586327e-02\n",
            "  -1.51803262e-02 -3.56351804e-03  8.13432257e-03 -1.65323220e-02\n",
            "  -1.50281904e-02  4.02762318e-03 -1.52461967e-02  2.03245225e-02\n",
            "   2.25628331e-02 -9.75225342e-02 -9.68967150e-02 -1.29839129e-01\n",
            "  -1.33444946e-01 -1.18668411e-01 -1.22816728e-01  8.46088141e-01\n",
            "  -1.33002804e-01 -1.66135378e-01]\n",
            " [-1.45188731e-01 -3.08993234e-02 -2.34835860e-01  3.43416640e-01\n",
            "  -7.19449194e-03  2.13869461e-01 -6.74534283e-02  3.95834130e-02\n",
            "  -3.30099194e-02 -5.03842533e-03 -6.59010309e-02  5.65325321e-02\n",
            "   6.08615445e-03 -7.99275698e-03 -1.62751669e-02 -1.17919905e-02\n",
            "   8.10974819e-02  1.02380427e-02 -8.07840507e-02  3.77834268e-02\n",
            "  -4.43114087e-02 -8.94117944e-02 -1.44276342e-02 -1.79625590e-01\n",
            "  -4.61572025e-02 -1.29718742e-01 -2.11987751e-01 -1.48843750e-01\n",
            "   7.71483135e-01 -7.42389383e-02]\n",
            " [-2.74247916e-01 -4.43000002e-01  2.34297655e-01  1.09065033e-01\n",
            "   1.68023901e-02 -1.84332309e-02  4.25165028e-02 -7.49648814e-02\n",
            "   2.28909031e-02  3.45770137e-02  4.49073421e-03  3.18783086e-02\n",
            "  -2.68873264e-01  4.44776771e-02  5.13679145e-02 -4.04129761e-03\n",
            "  -6.67078815e-02  2.48261696e-02  5.23494714e-02 -3.71359252e-02\n",
            "   5.62938009e-03 -5.03627918e-02 -1.50572635e-01 -6.91958563e-02\n",
            "  -1.91963272e-01 -9.69245940e-02 -2.91881648e-02 -1.48759060e-01\n",
            "  -4.03122768e-02  6.81140440e-01]]\n",
            "------------------------------\n",
            "(30, 30)\n"
          ],
          "name": "stdout"
        }
      ]
    },
    {
      "cell_type": "code",
      "metadata": {
        "colab": {
          "base_uri": "https://localhost:8080/"
        },
        "id": "WoTo1jGyC2m9",
        "outputId": "246dd99b-3229-4001-f20b-758508bcc013"
      },
      "source": [
        "print(U[:,3])"
      ],
      "execution_count": 22,
      "outputs": [
        {
          "output_type": "stream",
          "text": [
            "[-0.16206248  0.01680124 -0.1416525  -0.13760166 -0.1400886  -0.04851654\n",
            "  0.00385564 -0.18024569 -0.0188603  -0.06148044  0.04589587 -0.3545753\n",
            " -0.01663826 -0.22582121 -0.18851595 -0.1975172  -0.38980045 -0.24415937\n",
            " -0.05879407 -0.06516385  0.12197078  0.10691675 -0.0069604   0.30627748\n",
            " -0.01571812  0.15321982  0.30800124  0.18531275  0.34341664  0.10906503]\n"
          ],
          "name": "stdout"
        }
      ]
    },
    {
      "cell_type": "code",
      "metadata": {
        "colab": {
          "base_uri": "https://localhost:8080/"
        },
        "id": "ZZerqcKu_qnM",
        "outputId": "2f378dd9-bfc5-468b-8783-370a51d78ee7"
      },
      "source": [
        "print(s)\n",
        "print('-' * 30)\n",
        "print(s.shape)\n",
        "print(s[2])"
      ],
      "execution_count": 23,
      "outputs": [
        {
          "output_type": "stream",
          "text": [
            "[3.09942886e+05 8.62594087e+02 1.14658191e+02 3.04078369e+00\n",
            " 2.51090369e+00 1.55156355e+00]\n",
            "------------------------------\n",
            "(6,)\n",
            "114.65819056354547\n"
          ],
          "name": "stdout"
        }
      ]
    },
    {
      "cell_type": "code",
      "metadata": {
        "colab": {
          "base_uri": "https://localhost:8080/"
        },
        "id": "9NIf1hCVFi9r",
        "outputId": "19046755-ec87-4144-b814-d6346965867d"
      },
      "source": [
        "sum = 0\n",
        "for i in s[2:]:\n",
        "  sum += i**2\n",
        "\n",
        "print(sum)"
      ],
      "execution_count": 24,
      "outputs": [
        {
          "output_type": "stream",
          "text": [
            "13164.459015501167\n"
          ],
          "name": "stdout"
        }
      ]
    },
    {
      "cell_type": "code",
      "metadata": {
        "colab": {
          "base_uri": "https://localhost:8080/"
        },
        "id": "wmrCCAmf_rR7",
        "outputId": "d4e79f47-3bec-4dd2-dc61-6802bfcd3d73"
      },
      "source": [
        "print(Vt)\n",
        "print('-' * 30)\n",
        "print(Vt.shape)"
      ],
      "execution_count": 11,
      "outputs": [
        {
          "output_type": "stream",
          "text": [
            "[[-2.43577306e-03 -9.23340125e-06 -4.15351513e-06 -5.22565972e-06\n",
            "  -9.99996915e-01 -4.86081618e-04]\n",
            " [-9.98944115e-01 -5.28775647e-05 -2.43656194e-03  3.81133552e-04\n",
            "   2.45548467e-03 -4.58098389e-02]\n",
            " [ 4.58262267e-02 -1.96665988e-02 -1.15053492e-02 -4.11454808e-03\n",
            "   3.74070220e-04 -9.98681000e-01]\n",
            " [-1.42411970e-03 -8.03401561e-01  2.24895084e-01 -5.51115102e-01\n",
            "   5.32996379e-06  1.54353685e-02]\n",
            " [ 1.31418682e-03 -4.81201858e-01 -7.89976175e-01  3.79590812e-01\n",
            "  -5.75947482e-06  1.70734529e-02]\n",
            " [-9.61452078e-04 -3.50148435e-01  5.70281978e-01  7.43078653e-01\n",
            "   6.74606878e-07 -2.78022392e-03]]\n",
            "------------------------------\n",
            "(6, 6)\n"
          ],
          "name": "stdout"
        }
      ]
    },
    {
      "cell_type": "code",
      "metadata": {
        "colab": {
          "base_uri": "https://localhost:8080/"
        },
        "id": "7x7OvtQM_s3i",
        "outputId": "bcb8ffaa-31fc-4592-e90a-3265f1f8d64b"
      },
      "source": [
        "import numpy as np\n",
        "A = np.array([[2, 3, 4, 5], [3, 4, 5, 6],[6, 7, 8, 7]])\n"
      ],
      "execution_count": 18,
      "outputs": [
        {
          "output_type": "execute_result",
          "data": {
            "text/plain": [
              "array([2, 3, 4, 5])"
            ]
          },
          "metadata": {
            "tags": []
          },
          "execution_count": 18
        }
      ]
    },
    {
      "cell_type": "code",
      "metadata": {
        "colab": {
          "base_uri": "https://localhost:8080/"
        },
        "id": "7FyccgsFBVHy",
        "outputId": "c46a3d9c-7d1d-44f0-d77b-0c3a7dc6029d"
      },
      "source": [
        "pizza.shape"
      ],
      "execution_count": 25,
      "outputs": [
        {
          "output_type": "execute_result",
          "data": {
            "text/plain": [
              "(30, 6)"
            ]
          },
          "metadata": {
            "tags": []
          },
          "execution_count": 25
        }
      ]
    },
    {
      "cell_type": "code",
      "metadata": {
        "colab": {
          "base_uri": "https://localhost:8080/"
        },
        "id": "OiJEPmIYIQ1n",
        "outputId": "696d57df-f18a-4512-9b43-072163b5038a"
      },
      "source": [
        "centering_matrix = np.identity(30) - np.ones((30, 30))/30\n",
        "centering_matrix.shape"
      ],
      "execution_count": 37,
      "outputs": [
        {
          "output_type": "execute_result",
          "data": {
            "text/plain": [
              "(30, 30)"
            ]
          },
          "metadata": {
            "tags": []
          },
          "execution_count": 37
        }
      ]
    },
    {
      "cell_type": "code",
      "metadata": {
        "id": "YUVqiq3BJGdt"
      },
      "source": [
        "U1, s1, Vt1 = LA.svd(centering_matrix.dot(pizza))"
      ],
      "execution_count": 39,
      "outputs": []
    },
    {
      "cell_type": "code",
      "metadata": {
        "colab": {
          "base_uri": "https://localhost:8080/"
        },
        "id": "Ofyl9gDZJqKO",
        "outputId": "3f31a8cf-9133-48cb-a4ad-24410b772271"
      },
      "source": [
        "s1"
      ],
      "execution_count": 43,
      "outputs": [
        {
          "output_type": "execute_result",
          "data": {
            "text/plain": [
              "array([2.18869635e+05, 7.42047652e+02, 4.43798860e+01, 2.60187971e+00,\n",
              "       1.91688100e+00, 1.35213881e+00])"
            ]
          },
          "metadata": {
            "tags": []
          },
          "execution_count": 43
        }
      ]
    },
    {
      "cell_type": "code",
      "metadata": {
        "colab": {
          "base_uri": "https://localhost:8080/"
        },
        "id": "5-Secxk5JTmd",
        "outputId": "ecfc7b7b-5558-46fb-ec67-febef88f17b9"
      },
      "source": [
        "sum1 = 0\n",
        "for i in s1[2:]:\n",
        "  sum1 += i ** 2\n",
        "\n",
        "print(sum1)"
      ],
      "execution_count": 42,
      "outputs": [
        {
          "output_type": "stream",
          "text": [
            "1981.8467744182824\n"
          ],
          "name": "stdout"
        }
      ]
    },
    {
      "cell_type": "code",
      "metadata": {
        "id": "x3B0ciIsJUN4"
      },
      "source": [
        ""
      ],
      "execution_count": null,
      "outputs": []
    }
  ]
}